# Iteration Energy(Ha)
7.267726788598791927e+02
7.267726788598791927e+02
7.163404635020475553e+02
7.070095072098724813e+02
6.987260484563959153e+02
6.911407087884349494e+02
6.840486045493502161e+02
6.766763087076487864e+02
6.685068983650535301e+02
6.603986417683125865e+02
6.536139659631621726e+02
6.477623051337327524e+02
6.420123491864580956e+02
6.365089718731445600e+02
6.321251452204085126e+02
6.292841611157339230e+02
6.275713699600130440e+02
6.265889503476630580e+02
6.261274312787165854e+02
6.258712857455890344e+02
6.254978857451012573e+02
6.249175772964501903e+02
6.242522523957912881e+02
6.236817613405326028e+02
6.233242026582699964e+02
6.231356012331038983e+02
6.229769018601942889e+02
6.227707837599498362e+02
6.225181392343902189e+02
6.222424908987445633e+02
6.219848809682230240e+02
6.217915690217205338e+02
6.216735791533889142e+02
6.216081402119917811e+02
6.215665560373446397e+02
6.215304047776927518e+02
6.214979380239730062e+02
6.214729499134859907e+02
6.214466401692060344e+02
6.214020367300345242e+02
6.213341517426404153e+02
6.212568467173459794e+02
6.211884006493399966e+02
6.211375160433660767e+02
6.211052791747192714e+02
6.210843601488974173e+02
6.210583716593428107e+02
6.210222405683987290e+02
6.209898442079474989e+02
6.209714372987273237e+02
6.209622889987300596e+02
6.209531695545400680e+02
6.209402888944587176e+02
6.209259978598446423e+02
6.209132249720116761e+02
6.209013737958845240e+02
6.208882758115535125e+02
6.208751542688586369e+02
6.208661293985943530e+02
6.208627153745833311e+02
6.208622966954856111e+02
6.208602828121196353e+02
6.208536879382755842e+02
6.208437608935778371e+02
6.208336394337139836e+02
6.208255635024654566e+02
6.208205718897391989e+02
6.208189455496759592e+02
6.208197926900526227e+02
6.208205212269040203e+02
6.208194657849503528e+02
6.208171303268939027e+02
6.208145464673070819e+02
6.208124183707677730e+02
6.208105291767674316e+02
6.208082494250140826e+02
6.208056020355654709e+02
6.208029708111213267e+02
6.208008290459634964e+02
6.207998612991037817e+02
6.208000140488069292e+02
6.208005669555867598e+02
6.208008806655473109e+02
6.208006086655237823e+02
6.207999606475098062e+02
6.207990144537742481e+02
6.207977579770357579e+02
6.207964130348593699e+02
6.207953073173122220e+02
6.207947349165059450e+02
6.207948090438036388e+02
6.207952636286458983e+02
6.207955299008806378e+02
6.207952934627951436e+02
6.207947839214980377e+02
6.207943905846769894e+02
6.207941221659473285e+02
6.207937694955504639e+02
6.207933403115265492e+02
6.207930392800017216e+02
6.207929902449352539e+02
6.207931257186013454e+02
6.207931853341159467e+02
6.207930762636528925e+02
6.207928797759101371e+02
6.207927067730233830e+02
6.207925824296174824e+02
6.207925003211856847e+02
6.207924242621851363e+02
6.207923151246164934e+02
6.207922093042014922e+02
6.207921432405603355e+02
6.207921004750113525e+02
6.207920699988841307e+02
6.207920429929768034e+02
6.207920210416179998e+02
6.207919989654253641e+02
6.207919447905146626e+02
6.207918522635736736e+02
6.207917665694823199e+02
6.207917232886074999e+02
6.207917092082203681e+02
6.207916991015061967e+02
6.207916772626584816e+02
6.207916465235870191e+02
6.207916165457122588e+02
6.207915858340779778e+02
6.207915556149209806e+02
6.207915249510490412e+02
6.207914952339555157e+02
6.207914704625164859e+02
6.207914515231481118e+02
6.207914307710306048e+02
6.207914089256747729e+02
6.207913899458355900e+02
6.207913714874518973e+02
6.207913512629214665e+02
6.207913305365427732e+02
6.207913109810349397e+02
6.207912923210312783e+02
6.207912744007248875e+02
6.207912565887700111e+02
6.207912389683730225e+02
6.207912243949326694e+02
6.207912116912322062e+02
6.207911969461414401e+02
6.207911803564043112e+02
6.207911640112654368e+02
6.207911483608380649e+02
6.207911342394052099e+02
6.207911206071399874e+02
6.207911068344420755e+02
6.207910943005369973e+02
6.207910823481529405e+02
6.207910693830618811e+02
6.207910559164448614e+02
6.207910428849046411e+02
6.207910305770722061e+02
6.207910189221252040e+02
6.207910076269480442e+02
6.207909961700549957e+02
6.207909848196870826e+02
6.207909736329082762e+02
6.207909624244477982e+02
6.207909515262980449e+02
6.207909411358077705e+02
6.207909309170996721e+02
6.207909206023649631e+02
6.207909102584233096e+02
6.207909002917813268e+02
6.207908906886374325e+02
6.207908811172676451e+02
6.207908716011307888e+02
6.207908622937286509e+02
6.207908531212990511e+02
6.207908440303099269e+02
6.207908350326829350e+02
6.207908262121821963e+02
6.207908175966390445e+02
6.207908091100600814e+02
6.207908007536240120e+02
6.207907925006769574e+02
6.207907843293093038e+02
6.207907762435406767e+02
6.207907682835636933e+02
6.207907604666088446e+02
6.207907527570160937e+02
6.207907451612579735e+02
6.207907376998437030e+02
6.207907303494209827e+02
6.207907230732513426e+02
6.207907158687809215e+02
6.207907087522985421e+02
6.207907017508119907e+02
6.207906948739318977e+02
6.207906880946651427e+02
6.207906814055663745e+02
6.207906748032353335e+02
6.207906682738473592e+02
6.207906618215838535e+02
6.207906554631963445e+02
6.207906491971214109e+02
6.207906430234745585e+02
6.207906369359503742e+02
6.207906309241208191e+02
6.207906249833545189e+02
6.207906191130098250e+02
6.207906133230875412e+02
6.207906076165194236e+02
6.207906019862043649e+02
6.207905964282405193e+02
6.207905909418940382e+02
6.207905855252198535e+02
6.207905801742025460e+02
6.207905748924067666e+02
6.207905696825755513e+02
6.207905645399691821e+02
6.207905594618684972e+02
6.207905544472795327e+02
6.207905494982934442e+02
6.207905446126254674e+02
6.207905397915136518e+02
6.207905350395798223e+02
6.207905303673715025e+02
6.207905258110713476e+02
6.207905214788798958e+02
6.207905176991553162e+02
6.207905155192196389e+02
6.207905184043977442e+02
6.207905381789257717e+02
6.207906162632722271e+02
6.207908979876158355e+02
6.207918508283778465e+02
6.207944377843957682e+02
6.207979225540636889e+02
6.207973082882854214e+02
6.207937931813787600e+02
6.207932068020649012e+02
6.207932916844486044e+02
6.207941460370282130e+02
6.207931060435312247e+02
6.207910843943056989e+02
6.207932719000409634e+02
6.207929240667974682e+02
6.207914538253050978e+02
6.207917871364695657e+02
6.207920278697657750e+02
6.207919318974763883e+02
6.207907417043822988e+02
6.207919031416945472e+02
6.207916721371246922e+02
6.207906323196048106e+02
6.207913228838275472e+02
6.207910440657093432e+02
6.207911340868863590e+02
6.207908184859182938e+02
6.207908477226254718e+02
6.207911109372003011e+02
6.207907437447440770e+02
6.207906616968900835e+02
6.207906974618730374e+02
6.207908850563878786e+02
6.207905310262291323e+02
6.207905020044125877e+02
6.207907759426059329e+02
6.207905610021080065e+02
6.207905805974496616e+02
6.207905664125961493e+02
6.207906075220663524e+02
6.207907549412370827e+02
6.207908008739561865e+02
6.207910722606667377e+02
6.207916863892052106e+02
6.207930571624636968e+02
6.207955646540236785e+02
6.207997522113538480e+02
6.208048414892114124e+02
6.208057084962018735e+02
6.207988001509032756e+02
6.207912931798442742e+02
6.207921051214123054e+02
6.207976457535805821e+02
6.207982038001148339e+02
6.207931326958894260e+02
6.207909668920842705e+02
6.207938018822460435e+02
6.207953186199503079e+02
6.207929732100351430e+02
6.207911851648726724e+02
6.207923030130971256e+02
6.207932739730016465e+02
6.207922833678311463e+02
6.207913337589974390e+02
6.207916523058266876e+02
6.207919485363921694e+02
6.207916138394938343e+02
6.207913526569524265e+02
6.207913590502693069e+02
6.207911819769817612e+02
6.207909973496551856e+02
6.207911797973403054e+02
6.207913041902804707e+02
