# Iteration Energy(Ha)
7.264889289217110218e+02
7.264889289217110218e+02
7.164993625297863673e+02
7.091463985254451927e+02
7.024642607319128729e+02
6.958330731378224527e+02
6.898078934998054592e+02
6.843520036351127374e+02
6.791773736475095120e+02
6.743614009240675387e+02
6.699473468255494026e+02
6.661018010173879702e+02
6.629747991649263668e+02
6.604975231871534334e+02
6.585029246021003928e+02
6.569768963670835547e+02
6.559178076340621146e+02
6.552048647733948883e+02
6.546520213258958165e+02
6.541934122543623289e+02
6.538508069128022271e+02
6.536148400118063364e+02
6.534502537667883644e+02
6.533193216546073927e+02
6.531837395664462065e+02
6.530323163049920367e+02
6.528952341315797412e+02
6.527939663759299265e+02
6.527104727653480722e+02
6.526202139482392113e+02
6.525348312182633208e+02
6.524764266784721940e+02
6.524230176659556264e+02
6.523339761870468010e+02
6.522158806463625069e+02
6.521100541759529960e+02
6.520309715361499912e+02
6.519600457609564046e+02
6.518866984350929670e+02
6.518161944097876130e+02
6.517488734363041658e+02
6.516814573798435504e+02
6.516164433415830217e+02
6.515542629923904769e+02
6.514913189518690615e+02
6.514305645986758009e+02
6.513780681172800087e+02
6.513341842764864396e+02
6.512978342449644060e+02
6.512672664290749935e+02
6.512364968775217449e+02
6.512039804436543591e+02
6.511761633794493491e+02
6.511551292011728265e+02
6.511370719663453883e+02
6.511214614038866557e+02
6.511087332097216631e+02
6.510972165758593064e+02
6.510871690401743308e+02
6.510784100211063787e+02
6.510683721903728838e+02
6.510572665603904170e+02
6.510469604234476719e+02
6.510370970338409506e+02
6.510276167029526277e+02
6.510189657315355589e+02
6.510102822330215986e+02
6.510013822869016167e+02
6.509927590025667996e+02
6.509846997356925158e+02
6.509782474848208267e+02
6.509732192427773043e+02
6.509679460421597241e+02
6.509626181335653428e+02
6.509581005050870317e+02
6.509539867639725799e+02
6.509502587649924408e+02
6.509470651215488033e+02
6.509441777119020571e+02
6.509417047891753327e+02
6.509394920963944742e+02
6.509372810897131103e+02
6.509349649625922893e+02
6.509324963135544522e+02
6.509304188843578913e+02
6.509288282911722945e+02
6.509272305731967663e+02
6.509257193235673640e+02
6.509243498491504170e+02
6.509230166019455055e+02
6.509218048129025647e+02
6.509206289012703337e+02
6.509194857840485611e+02
6.509185044060870950e+02
6.509177330837042064e+02
6.509170832361932071e+02
6.509164058955237806e+02
6.509157586269802778e+02
6.509151905100388831e+02
6.509146861095329086e+02
6.509142940412017424e+02
6.509139336574567096e+02
6.509135809588217398e+02
6.509132930573017575e+02
6.509130383174624512e+02
6.509128064364748525e+02
6.509125730954929168e+02
6.509123471756503250e+02
6.509121431604480676e+02
6.509119452749876018e+02
6.509117490662690670e+02
6.509115409045833758e+02
6.509113496865005573e+02
6.509111770667983592e+02
6.509110122429368630e+02
6.509108421478019864e+02
6.509106651402851185e+02
6.509105044938327183e+02
6.509103463631466866e+02
6.509101930571513321e+02
6.509100510466271317e+02
6.509099125404917459e+02
6.509097734757986018e+02
6.509096331839590448e+02
6.509094962367707922e+02
6.509093671670906360e+02
6.509092470396142289e+02
6.509091249102917800e+02
6.509090068180937578e+02
6.509088921592749557e+02
6.509087786585319009e+02
6.509086694939605877e+02
6.509085630268781415e+02
6.509084601173727833e+02
6.509083597615903045e+02
6.509082611112709174e+02
6.509081640917556797e+02
6.509080705584161706e+02
6.509079798829359333e+02
6.509078923886501116e+02
6.509078053623254618e+02
6.509077208509587535e+02
6.509076392858329427e+02
6.509075593233753807e+02
6.509074806557343891e+02
6.509074040061759661e+02
6.509073292878288157e+02
6.509072559257596140e+02
6.509071835986352426e+02
6.509071133069220423e+02
6.509070446706706434e+02
6.509069771774405808e+02
6.509069107424360254e+02
6.509068454902976555e+02
6.509067814350145227e+02
6.509067186732830805e+02
6.509066572299076370e+02
6.509065967927401744e+02
6.509065374221376032e+02
6.509064792351585993e+02
6.509064219809597489e+02
6.509063658489031923e+02
6.509063105838253023e+02
6.509062562251785948e+02
6.509062026826960619e+02
6.509061500004714844e+02
6.509060980986820368e+02
6.509060468992519191e+02
6.509059964714766693e+02
6.509059467678041528e+02
6.509058977062704798e+02
6.509058493839220318e+02
6.509058017179198714e+02
6.509057546446691731e+02
6.509057081581761395e+02
6.509056623115026241e+02
6.509056170438890376e+02
6.509055723084610463e+02
6.509055281179246322e+02
6.509054844199173431e+02
6.509054412140686736e+02
6.509053984653487532e+02
6.509053561615833132e+02
6.509053142750361758e+02
6.509052727777833525e+02
6.509052316496952244e+02
6.509051908767163468e+02
6.509051504371963119e+02
6.509051102931626929e+02
6.509050704276946817e+02
6.509050308294946490e+02
6.509049914584018097e+02
6.509049523033050946e+02
6.509049133355265440e+02
6.509048745260973874e+02
6.509048358606943339e+02
6.509047973124290820e+02
6.509047588567818821e+02
6.509047204655238374e+02
6.509046821207176663e+02
6.509046437896282669e+02
6.509046054490175948e+02
6.509045670735404201e+02
6.509045286354265727e+02
6.509044901067304636e+02
6.509044514702703736e+02
6.509044127253575880e+02
6.509043739369851664e+02
6.509043354113770192e+02
6.509042982917279687e+02
6.509042668283719877e+02
6.509042566414055955e+02
6.509043253712902697e+02
6.509046591664566677e+02
6.509056278474276951e+02
6.509067210971863915e+02
6.509060336829247717e+02
6.509044170701606618e+02
6.509045014213983222e+02
6.509053591947648556e+02
6.509047642248838201e+02
6.509042201502214766e+02
6.509046768630842053e+02
6.509045890933583678e+02
6.509038463633000902e+02
6.509039340585798072e+02
6.509044499922133582e+02
6.509041436476665012e+02
6.509035269841072022e+02
6.509036214573878851e+02
6.509038807088885505e+02
6.509036481728348917e+02
6.509033638345968029e+02
6.509034807633663604e+02
6.509035126790411141e+02
6.509032117343799655e+02
6.509029633983665235e+02
6.509030485038467759e+02
6.509031387304163445e+02
6.509029933412463151e+02
6.509027906191881812e+02
6.509027419780800301e+02
6.509027583543681885e+02
6.509026575213088108e+02
6.509024479962298528e+02
6.509022818991051054e+02
6.509022153170149068e+02
6.509021785269596876e+02
6.509020731509207280e+02
6.509019094798662763e+02
6.509017555965025394e+02
6.509016703888624988e+02
6.509016606239041494e+02
6.509017283953206743e+02
6.509019425497776865e+02
6.509025037991812042e+02
6.509037459827271732e+02
6.509060383923689415e+02
6.509089781462241717e+02
6.509105068004799932e+02
6.509082085739747754e+02
6.509036055398705685e+02
6.509011357425880533e+02
6.509018666472163659e+02
6.509031267665232008e+02
6.509029616595430525e+02
6.509018523229241282e+02
6.509006104515740390e+02
6.508993837953456705e+02
6.508987702422512029e+02
6.508992068837396801e+02
6.508996735618273988e+02
6.508987030644009337e+02
6.508966686716178174e+02
6.508954068077717920e+02
6.508955455762215934e+02
6.508958159620523247e+02
6.508952083219796805e+02
6.508940643899952647e+02
6.508931416379673465e+02
6.508924782179351496e+02
6.508915382643780276e+02
6.508904709324951909e+02
6.508898010366993958e+02
6.508903075718594664e+02
6.508920542587101181e+02
6.508942004147210127e+02
6.508945555335131985e+02
6.508957364263839054e+02
6.509020225356252922e+02
6.509092783785333722e+02
6.508972390747611598e+02
6.508796365613519583e+02
6.508808875622963797e+02
6.508939824524833284e+02
6.508907690338119210e+02
6.508686370311874043e+02
6.508623589058315702e+02
6.508724134574971458e+02
6.508717617305469503e+02
6.508574642145607640e+02
6.508477591953861747e+02
